97 98 114
97 104 116
97 107 101
97 107 101
97 114 100
97 115 105
98 99 108
98 99 108
98 99 108
98 99 110
98 100 100
98 100 100
98 102 109
98 106 100
98 106 104
98 106 107
98 106 107
98 120 106
99 102 114
99 103 99
99 106 102
99 106 111
99 111 120
99 115 100
99 122 102
100 102 100
100 102 103
100 103 99
100 103 99
100 103 99
100 103 101
100 103 111
100 103 111
100 103 111
100 103 111
100 103 111
100 103 111
100 103 111
100 103 111
100 104 115
100 106 110
100 106 110
100 106 110
100 106 121
100 110 117
100 111 100
100 111 110
100 111 110
101 97 108
101 98 101
101 98 107
101 98 111
101 98 114
101 98 115
101 104 98
101 104 98
102 106 120
102 106 121
102 107 111
102 107 117
102 116 100
103 98 101
103 103 101
103 105 100
103 110 111
103 110 114
103 110 121
103 110 121
103 110 121
103 110 121
103 110 121
103 111 100
103 111 100
103 111 100
103 111 100
103 111 100
103 111 100
103 111 100
103 111 100
103 111 103
103 111 104
103 111 115
104 105 108
104 120 107
105 99 111
105 105 97
105 117 109
107 110 114
107 110 114
107 120 103
107 120 103
108 99 112
108 99 112
108 101 118
108 101 118
108 109 113
108 109 113
108 109 113
108 109 113
108 109 113
109 105 102
109 105 112
109 105 112
109 105 112
109 105 112
110 97 99
110 101 113
110 107 106
111 100 99
111 100 103
111 100 103
111 100 103
111 100 103
111 100 112
111 105 110
111 105 112
112 102 111
112 104 102
112 104 108
112 111 104
113 97 110
113 97 110
113 97 110
113 97 110
113 98 98
113 98 102
113 98 109
113 99 102
113 102 102
113 110 115
113 110 115
113 122 121
114 98 101
114 98 101
114 98 101
114 98 101
114 98 103
114 98 118
114 99 100
114 99 108
114 100 98
114 100 98
114 101 110
114 104 108
114 105 116
114 106 100
114 106 100
114 106 105
114 106 105
114 106 109
114 106 110
114 107 106
114 107 106
114 107 115
114 107 117
114 111 99
114 113 100
114 118 103
114 120 106
114 120 113
114 122 103
115 101 110
115 101 111
115 101 113
115 101 113
115 101 113
115 101 113
115 105 108
115 106 119
115 106 122
115 106 122
115 109 114
115 109 118
115 110 102
115 110 103
115 110 103
115 117 113
115 121 111
116 97 103
116 100 108
116 100 108
116 100 108
116 102 110
116 107 108
116 110 119
116 111 117
116 111 117
116 111 117
116 111 117
116 111 117
116 114 104
116 120 106
116 121 101
116 121 101
116 122 103
117 98 107
117 99 99
117 99 102
117 101 108
117 102 104
117 105 113
117 105 113
117 105 113
117 105 116
117 108 101
117 109 99
117 114 109
117 117 110
117 119 99
117 119 99
117 121 111
117 121 111
118 98 111
118 99 108
118 99 108
118 100 110
118 101 110
118 102 101
118 102 117
118 104 113
118 107 103
118 113 100
118 113 100
118 113 100
118 113 100
118 116 114
118 116 117
118 117 100
118 117 120
118 119 117
118 119 117
118 122 102
119 97 99
119 98 103
119 99 101
119 101 101
119 101 101
119 101 101
119 101 101
119 101 101
119 101 108
119 102 100
119 102 115
119 102 115
119 110 101
119 120 106
119 120 107
120 99 111
120 102 103
120 102 103
120 102 121
120 105 100
120 105 100
120 106 120
120 109 119
120 111 103
120 111 103
121 97 100
121 97 109
121 97 109
121 99 110
121 99 112
121 99 119
121 104 98
121 104 98
121 104 98
121 104 98
121 104 98
121 105 110
121 121 111
122 97 100
122 97 100
122 97 109
122 98 102
122 98 102
122 98 102
122 98 102
122 98 119
122 99 111
122 101 118
122 103 103
122 105 102
122 105 102
122 105 111
122 106 110
122 106 114
122 107 104
122 113 100
122 120 103
122 120 106
122 122 103
