499605
513873
525394
529885
524238
526856
504909
509552
507092
509839
525446
508018
529412
509988
515060
522672
509552
520257
510146
509541
517303
509226
524916
514097
514097
513707
522522
518589
508018
524467
515225
524238
520701
508018
515060
522672
524836
509988
522586
514097
513090
528359
523701
511627
511035
524218
511627
513586
508018
524524
518061
515225
509226
511627
512462
514097
513031
527621
523545
512073
519722
523382
517885
526001
518589
513150
524467
515225
524238
509226
509552
522672
517627
511616
523691
520759
523968
523968
508018
509988
517695
511627
511616
511627
522806
509226
519257
518589
512171
513183
513090
517695
521848
509226
524553
509552
524238
522684
514624
509988
520721
509552
519378
514748
515934
509174
515997
508018
523575
526048
517695
527281
514624
517050
511627
520659
509988
510484
509552
527483
522672
509552
511616
519422
524238
521424
517608
524763
513586
513901
511627
514911
508018
522413
522586
512595
